30
26
24
24
21
23
24
21
21
21
20
20
20
20
19
19
19
19
19
19
18
18
18
17
17
17
17
15
15
15
15
15
15
15
15
14
14
13
13
13
12
12
11
10
9
31
26
27
26
27
28
25
26
25
24
24
24
23
23
23
23
22
22
22
21
21
20
20
20
20
20
19
18
18
18
18
17
17
17
16
15
15
14
14
13
13
10
8
26
27
24
24
25
26
23
23
22
22
22
22
21
21
21
21
21
20
20
20
20
19
19
19
19
19
18
18
17
17
17
17
17
16
16
16
15
15
15
15
14
13
13
13
13
12
10
9
7
32
31
30
28
28
29
27
27
26
26
25
25
25
24
24
24
23
23
23
23
23
23
22
22
22
22
21
21
20
20
20
20
19
19
18
18
18
18
18
16
16
15
14
14
13
35
29
33
30
30
29
29
29
29
29
27
27
27
27
27
27
26
26
26
26
25
25
25
25
25
24
23
22
22
22
22
22
22
21
21
21
20
20
20
20
19
16
16
14
33
30
29
30
32
29
29
29
28
27
27
27
27
26
26
26
26
26
26
25
24
24
24
24
23
23
23
22
22
22
21
21
21
21
21
21
20
20
20
20
18
18
18
18
18
16
15