23
26
22
21
21
21
22
21
21
20
20
20
20
20
19
19
19
19
18
18
18
18
18
17
17
16
16
16
16
15
15
15
14
14
14
14
14
13
13
13
12
12
11
11
10
8
30
31
26
27
25
24
24
24
24
23
23
23
23
23
22
22
22
21
21
21
20
20
19
18
18
18
18
17
17
17
17
16
16
15
15
14
14
14
14
14
12
12
10
0
36
31
27
24
26
23
24
24
23
23
23
23
22
22
22
22
22
21
21
21
20
20
20
20
20
20
20
20
19
19
19
19
18
18
18
17
16
16
16
16
16
15
14
13
11
11
10
32
31
31
33
29
27
27
27
28
26
26
25
25
24
24
24
24
23
23
22
22
22
22
21
21
19
19
19
19
19
19
18
18
18
18
17
16
15
10
34
32
29
31
27
28
29
29
27
27
27
27
27
25
25
25
25
24
24
23
23
22
22
22
21
21
20
20
20
20
19
18
17
16
16
15
15
15
11
30
31
29
30
31
28
29
29
27
27
26
26
26
26
26
25
25
23
23
23
23
22
22
22
22
22
22
21
21
21
20
20
20
20
19
19
18
18
17
16
16
15
15
15