26
25
27
24
21
20
21
22
19
19
19
19
19
18
18
18
17
17
17
16
16
16
16
15
15
15
15
15
15
15
14
14
14
13
13
13
12
12
12
12
11
11
10
32
33
27
26
26
23
22
23
22
22
22
22
21
21
20
20
20
19
19
19
18
18
18
18
17
17
17
17
17
17
16
16
16
16
15
15
15
14
14
13
13
12
11
31
30
26
29
27
27
26
27
25
25
25
24
24
24
24
24
23
23
23
23
22
22
22
22
21
21
21
21
20
20
20
20
20
18
18
17
17
15
15
35
34
33
33
29
32
29
29
28
28
27
27
27
26
26
26
26
25
25
24
24
24
24
24
24
24
23
22
21
21
21
20
19
19
19
18
17
17
16
14
14
31
31
34
30
31
32
32
31
29
29
28
27
26
26
26
26
25
24
24
24
23
22
22
22
21
21
21
20
19
18
17
17
16
15
15
15
15
14
32
32
33
30
30
30
32
30
29
28
28
28
28
27
27
27
26
26
26
26
25
24
24
23
23
22
22
22
21
20
19
19
19
19
19
17
17
17
16
14
13
12
0