29
31
26
27
24
23
24
25
22
21
21
21
21
20
19
19
19
19
19
18
18
17
17
17
16
16
16
16
16
15
15
14
14
12
12
11
10
9
26
24
24
25
23
24
25
25
24
22
22
22
22
22
22
21
21
21
21
21
21
20
20
20
20
20
19
19
19
19
18
18
18
17
17
17
17
16
16
15
15
15
14
14
14
11
31
27
28
27
27
27
30
28
27
26
26
25
25
25
24
24
24
23
23
23
23
22
22
22
22
21
20
20
20
20
19
19
19
19
18
17
17
17
17
16
16
16
15
14
14
14
14
12
37
30
29
32
26
28
26
26
25
25
24
24
24
24
23
23
22
22
22
22
21
21
20
20
20
20
20
19
19
19
18
18
18
17
17
16
16
16
16
15
15
12
31
30
30
29
30
32
28
30
27
27
27
26
26
26
26
26
25
25
25
25
24
24
22
22
22
21
21
20
20
19
19
19
18
16
16
15
14
11
10
10
32
29
29
30
32
30
31
28
28
27
27
26
26
26
26
26
26
25
25
25
25
24
24
24
23
23
23
23
23
22
22
22
21
21
20
20
19
18
17
14